7 5
14 5
5 6
7 6
12 6
14 6
6 7
7 7
13 7
14 7
21 12
22 12
21 13
22 13
30 21
31 21
32 21
13 22
22 22
23 22
24 22
30 22
31 22
32 22
13 23
17 23
22 23
25 23
31 23
14 24
15 24
17 24
21 24
31 24
21 25
22 25
23 25
24 25
25 25
30 25
31 25
32 25
13 26
21 26
22 26
23 26
25 26
30 26
31 26
32 26
35 27
22 28
23 28
25 28
26 28
35 28
35 29
30 30
31 30
32 30
30 31
31 31
32 31
22 32
31 32
16 33
18 33
19 33
24 33
31 33
15 34
16 34
30 34
31 34
32 34
15 35
19 35
25 35
30 35
31 35
32 35
16 36
17 36
18 36
25 36
22 38
23 38
24 38
