12 0
13 0
27 0
30 0
31 0
32 0
33 0
38 0
39 0
10 1
14 1
15 1
16 1
28 1
31 1
35 1
38 1
39 1
10 2
11 2
15 2
29 2
34 2
35 2
38 2
39 2
40 2
33 3
34 3
35 3
13 4
14 4
24 4
25 4
26 4
33 4
33 5
34 5
49 15
0 16
48 16
49 16
0 17
47 17
48 17
22 18
23 18
46 18
48 18
22 19
23 19
47 19
3 20
4 20
5 20
3 21
4 21
5 21
3 22
4 22
2 23
27 23
0 24
1 24
4 24
27 24
1 25
5 25
27 25
1 26
4 26
2 27
3 27
4 27
5 30
1 31
2 31
4 31
6 31
1 32
2 32
0 33
2 33
3 33
15 33
32 33
33 33
0 34
2 34
5 34
7 34
14 34
32 34
33 34
1 35
2 35
14 35
16 35
17 35
2 36
5 36
8 36
13 36
16 36
18 36
19 36
22 36
23 36
4 37
10 37
11 37
13 37
16 37
18 37
19 37
21 37
24 37
3 38
5 38
6 38
8 38
10 38
11 38
14 38
19 38
20 38
21 38
26 38
27 38
4 39
5 39
8 39
20 39
26 39
8 40
11 40
12 40
13 40
15 40
16 40
22 40
27 40
8 41
11 41
12 41
13 41
14 41
18 41
28 41
8 42
12 42
18 42
23 42
24 42
29 42
8 43
19 43
20 43
21 43
25 43
7 44
17 44
19 44
20 44
21 44
25 44
7 45
16 45
18 45
24 45
27 45
28 45
31 45
10 46
11 46
12 46
14 46
16 46
25 46
26 46
27 46
29 46
30 46
15 47
29 47
10 48
13 48
14 48
16 48
27 48
32 48
12 49
13 49
16 49
17 49
18 49
32 49
33 49
34 49
35 49
